$ANSIBLE_VAULT;1.1;AES256
61386461303564663165383064643634323138353832346262653665333532386166306366363332
3034303334393766306135616161393135643432313065370a353431653339383463626365613832
64616233656138303765616536383461303234623431306535633566623631326362306163336432
3231666230396265640a623765353032646536636462383630636664373063653834373864323765
37363765303836393338393762383832663230336233363339303365346339353739313637613834
32303936393762643064373837623066333166636431316539306336313763366333346535666132
34636566613165393639333032333764626163623961303165336466383161633939613230363161
33633730623635343734643436336164616164663965363133666334653133353333373534373133
65663231336239313336373265396365666264333733313834376239623266353530656630326463
30306634383639343764343264616530373734353065386631663835643232313166303964373363
39656138623965356430333263663439306131336265313037376162393531663162636333626634
32313432303865613866
