$ANSIBLE_VAULT;1.1;AES256
33376363633861356338663235666165323634376536343262376665663237303730346437396536
6539333161373661346264626136653765633861396233640a373162323730346639313565633738
37646532366564383835656337333234653264653966393733393937363361303037623966363262
6631363139306566610a306633356364613233346462633338623337326338323731326262323437
66323536646238653134323663353533303566653534336130623932306261306132346164343465
63653438623033666462383962636337396239666633393132306536646139303764633334393732
37656337663165303739383630393337663031656363646238393231353466336137656439383738
32633535396530306334623637623334636165373964393533636534623365666561326362623539
62373762323939373834613762313137633730313762396231356639363566316565376363316339
65393430643433373532643166633531636362303863343232333838366462363466613131613965
65323735316135303837616230633065343230343561653334356537633631346261326232626335
32636361386635303763626530303064326534303965663337356232326531383963373337623137
30646637626136373666653037623030323137316462373561333730646137633333303064303932
66663363313134616462356136616339373531386235306261623634646636633063383063356265
39653163393633396266643038353939306462633530313965613735646362656363646339363665
63636564343136316363613235346164373664376130633431646266383932633833646361643661
66646239396339653266393666623437653931373663613661396262646331313363373337656537
31383635616363326639386136386530336531373066373361666165336134326466353534396435
37333237303032643131386130343832333937666637633363363738303439376132363839396134
61643163633938373463356462343432306234653835663834393636386461393038303938303636
35353938376334393730353061356238386233353262346666383736373037383064353936343231
61393364363265376339333633636264386639653138326136626636636532326432313134356430
39616366613330643061303133613264346635303139626331333331333438303236626137353161
63373864636563333039626636333434653462363731323438326334366361336464633437653363
38306365376636303664383038613766386136393436393932353432343235636334396361623438
31313235343233333538373430383562653364613134363264336435323062643463623763613235
39383137663338333063633665396461653534316538613363613364373133616564363764626234
63316461386139613736653463613333633864643938373165613938343538343639333164376533
37326234616630386638393636336130323036313635393434326263643737306134386339643134
33333464666363616130356338353662643236326437666165313366353665386237306531303639
66656164636239393761353837333165316364376338383561626430343165363635653863643961
34313462333530366664353737616464623038363737363136383663356262653837663232643638
64396161643630343264363564333639653839303864643836303832366130393264343635376537
66656230363761303733643361373830383562326538343837386664616162373334366462646466
64623636636462643634616532663634316331333132313731363262383234363332633432396230
38323737396132313962643932333965643264373663303135383335356634366364626465656537
38373863316161663334363463333564343634613661663732376563353230653133326435346132
39396165393838316136303038663661393334313531616632633361666130356632336431316533
30636530326564353666393738663861633436383634666333316638356230636438303762633135
64636164653738646434396437623337663235313031376435316161353230316133343465633362
39363931373331356361636663316431306337663263333465633063343932636263613830616134
36383734613630616237383434383136633866353830623336383732366438316562306462346562
63643139383661623965326465343661343962646433626639383266663363666364386633623237
63373734306235396361336630653134363166386361326232646635333736303237383432623964
65663434313563376364343936316538393132323139396461383535646130343265363938343961
66643634356438636233306637633735343732616438373235643930623164353631663635323963
30663965313235333131316230353763393238643162666637366331353565383430636265336361
36633732656130613435616363336139363633633262333933386534663935646237313139623732
66383038383938326430336638626164656565346564613139323264343830633039666662666331
62616263643335326165636165616165653732373532613434373865336436633263313231643335
33373730373064386365646137623235613238646335383633636431323830646330323933343732
31346237633938386563376435393963323330373139363833303535336337656566323739663133
30646335653363633630666261303562313936386165376164383161643635396335346633303930
33666562353536646165636563633038383635323736656536643138656230316533623462633461
33663638653665393233343364343133663137343834316339623830633066623161383432646236
66396262333130643930396339323266656434373461306433633765653563643937656633626235
39313061303264633264623465633338336332356164363563313033373962343163353931316132
33623639326563343566646361353037306162623435316462363466306464343963613034653336
38663336356330633638636437396330663333646536323734646266623135326637336339383062
37643063336334383563366338633561633530663237643064366563356234663566366230663733
39666262353839343061396237666335393134316331333032396135336230303639363263316236
66376131323765393431383032653238383230396336643538393263343665643637663732376230
31393231616439303730396334626663633564346266333039383235366332326162346463353364
65356136383833666234356464626165303064303838303039663834353637663464633532383430
36353332306634636134633663333434303465303939356633626364333032323262663435386461
66383633633234363037383361653436383665663538363338383436653933646536303961343265
61613866633733393463613734656164633333626432313564646334346330386563653939653964
31343137306562653533333262633461323335363538613937316666396631636661383334333764
34383632666330643532633439656665343234626535666666333135623165646238303735376332
64616330313531613736346337303538313035363032626565666235343333626639636530626465
30336534366162336533356631396362356339613434336236336162336130356136623530643239
37326261356630303263333630373964363465393631636362373931393061646237633933646465
32346263353061623665376563343663663664333938356133373435646532633366376630333430
37383835376532306133613934643335303130333133653436303364353539363437353234646332
39663738313066383639383264336235356630663035653666353639343739363365633430363065
30643739656237303461653335353636346665383461643739366565643562373664366337353331
33383036656464323336353836613535373561323261346239336331323861653639363532363136
33323034363138363763343939636264663933613434646663643931356534373230643331643764
61396238313463396431666362326462633362393363383265613732653238366364386462356433
32643734363034333135353334643130666434336562323532623862376637313033313062363065
36343938383830343265303736636538663862663133636466386665383137323566323138653737
37356136383433393339633430623436323538346464643061393034363538333230306461613534
30336238303964653130316564353366363762666266343363393633323930633061353136656362
64663366373031363230383863626437366663633230626636616564376265633061396430396436
66653663386634353663393964323030313136373161373534656330323531333263613731303039
33633266643834313736373330363635353233313533353335306261303264666266343136396462
64636262356333326532636135313734333437336363363231633331326430333632646266336630
30356162663334313036646466663631633663343138303132626165656366353963326164333836
35373239303038343737333637313963306631306433656638323939653838366238633038343464
31613762623534643262383630663634666530316335663731623130663638356531336336326463
37323436386232373536333164633830613236306636633232306565393635306466393764373562
35626239656234313463363933636431373732353734363234383566346639383531626236313663
65643935386138636137353662363163313330663264656330323739633666356365346331653433
3263643862633363653966643436346132306164323363613036
