$ANSIBLE_VAULT;1.1;AES256
30356364636263343266623464363965653461313365386138353238336161653561363931373232
3735326334623439333762663763646261316431393434610a386134646633623732626662303930
34623061613765356136623639376164643961356163386136353834386332363532373936313434
3136306164336161610a663366336463333238363666393665313066376266333634646636633338
32636437653833626632356464633532326131376163633836313039393166633630636431666666
30643834373137393530333462646235633564636335623938346434353039323332303630376666
35333764643561326237396237633039346664373732383964353637393638643139616232393533
66343561663432656562396238643630653866393339376264383830633364333762346565343331
63666439313937643863626138383632383865663263303562366163646134303931666136313963
34613065353336343934323231376566333335343661336634643663643930613665363163323161
39316632666630343237383438623836356132663031366231663930313437646262633430323231
38653161346534323038656165376262653931373137343238646133623235353361326663613035
61393038313634343465306434336435336532303535356462646165303235343535646538643535
39626565333431646465326434333562663239393138613363383838656131313739353434393138
61313233383062306431333436656433623864313835656662383466623639626130656432653566
61643063633264323333363332313136323062333161643361373232656334336464303631343238
31373830346134636134306431313135396236303434343939346637323065386337346262393866
62383335643030643363363763626463316535346361333839326664663631353236623930386536
36356661643133343031316437376333646465663630313632646266323964633265336638636238
31376562353334363832383363633938333161326362393364366131333734633961653835313737
32326536623862313266326430323038303632646131393939663838383262343030626365366462
62376634383536643163616235653234323861653266346330373934306233663263356137326436
32646637663336366531393232383536666263306139393235353234663138613832613135396539
36363436613131336166373432626366663735373561613939633737393034613834633062323865
34663233363961333764323766653330633932666631613539626266376236356538373131303036
30333032313539353665313935646339343037386364393763353330626638663639386165663539
64323764316534653531663930313936333732663065333862633335313161613361336533666137
33386561396234346432386339656363663230323735653836653638613735643261343137306535
39303565356564376630613931333165316235643333616137663061663566323936386262346164
65366632326364353266313432366266633935376236353835343165356631656434306462343330
63373737393766663262643934303234386238323038613238323665616666393331363166356131
35366434326633643331626335383534633464393565633464306331343866643639623763613030
32303831353739376564303831333265633862326163393965343232653562366337373534643763
66636435316232643534303263363462376139383362656637346637643039363062313161653439
32356166303465386162366633393062636365343630613634616636653531393464613031306332
32633930616164626430316139633339633235303131353333376535333163353339313437623866
62333665626661366261616166653136313138653133663836306566376331396634353061643632
34663836333065646335363864353238323663643562633130313261666335646466343038656131
37633838313936643638663530356137643332323166386134633465373239643930376339343461
34376232613936666138613534323464326236323534303663343330643837613165343065396466
33353063633039313962386336613534333730306237643030333162643337643765646661643661
66323463376262633932336234353733313566643466616265326336656162643765633333653936
61613635666436303736646361303863393532306639376139643032336261653731383765666437
31373133636331393332323238613262656365663766393564646134633132633335643330616434
62376264663662653038666563623930323835393962666166656362306530393738353966393333
35663630313263346237323835653931373931623536366337303063376466343538316534613665
66303536613433383836393836616266613836613764313231323962386262656534643138386235
30383732616237346435373739396539626562306561306233323862336663383539623631666631
63333331336165346431623165373530633561633232353030333830323333643866336636323837
32333739373234333365626263636638363237653464356237366238306332363238343938653038
62346637396465323533303336653564316131643563323137623764383861646331356435346631
39636162373937656238613132346130313161333634633734616636373430623161616638366436
38336462653232616634613937313839343636343632633030306163663430656664343236386130
37386339383632653036653565633633353563643837613762316665646434373734376137656430
30613535363434366564636539313564373262323265303332353433663734353131326532353638
33663539313938333765353734643365393136303963326463643431656637633465346665333331
34373830613665346235646231656233653664643235613566633066633261303966616132376633
37636439376563383433353262323830346636323666306137653536313231653861306462363732
38386239303563636530376162643931643130343865353231613365666135626564656632366137
31313939333538386165373866623266353164346632653635646330376231393838333666646466
32656136663561303434636330383766623239316663303963353930373931343763616134316362
33396538393961373761656331303162303464613965383962663139643662396262393539313231
31343265663731386138396433363935636262663734666466373037336630643364623138333138
32613161393635356537643165373164373236373133356236363062336134373935326636393263
34633037383563636434303264346433376233313962653033353161363530633639636331643263
30353138346666666561363465646562333335386337643833376461346137626561393936316435
63346432626663633532666233616562663738626430633663316433393838393766336433346437
30373631613435616631303930363439386335326261393531666463303866356439363839656234
64393932363731626337363537666132643433316563306232363232303238326135653133323162
65336430643463376566303264306232626461333165313934346165313338616630373435343666
34626437323831616562373438303134656564613034396632376532343632663864323634643363
65386239393035353133386137313961303537623734636438306435623863343561616364326566
35333138373237623161633731303139353238393966653336663836306363306235633634386632
63343062616362316139653862346230373439663863333138373164376431383862663532643436
62316234376438653161316661666535373338616439383631336161356139346237376532356665
36656236613166653861643262336532653030663136353366616666626263653237396162356538
32623932646666633262633731666565646634373031306364373630646639653738633464373865
36613762383833366236356430313936653431373939656137336536643863326565623432306366
35313530396262613033366561373763626637643736633434633631376563653066393334373435
31313163653835653666626466656438653335663036393632373461313230653431666632636566
62366666363934323936386366636466353533653132666266313063656438653931343637646530
63373432646265613263363239396366366532343538396231613239663330373463366361303361
36356336366233373062353031666631366335663535306538326262633335633434373865306233
64326366376134616538373064366534623335663836333239633466363164636266336663663331
62616138396432356132366161363135643932333063643664343038643634623236643038653232
31333037613861363735356137353732656366346263306638303063346531653234313465623165
36313561646461356138636633366434383930366462643163313131396563643564613431373666
30613565643561333331356536343338313030363437306437646338633236643362666634663437
31623138336636383536356563303735636162656364626233643462623039323038333630616230
36393631633936373639353235663265643135316631323330306163343665356236653037613665
61666538396465386164653365393265353666396339333964383932643030326261313835633666
64616637336438613535656136666431623736653330353164613636643466646138663063323038
39646632306239666365653135303830626266613462653333666164346366626438666262626232
63653762363434313730653866613031326133306435316232363762356536333832343033643833
38613865366137623732616233653634313430326164356134303861303964323930313462373536
33643631353763623163613337633937303336346234386132386265373561373164626438666363
38353534393738396362356635613437323039623865393835616631333433336638646537383333
35613433366236623236363233643462343262633431633966353966633438663162636462373430
65303936643661613830343266616166363933383537343036343664373061633435633562646564
61333538613232623935313438306365646432383064653232343636356566393264356464613734
63323832383532383461666436306263643235633466373538333162303932616539656439386162
36633130323231383835623531353836343465323262653031386134333834323238316630616334
37336362346330353436313432613334316235663837396235636465386335346565363036363262
35303330356265353061613133663063326666613333303461303065636338646635323062656430
66333531326165333331326563623564623139333832363766366339336339363532356165656131
31383036373163353135616133366163633665663632303138356662643662383131633732633764
35396334323533633236336535323136306263323635643130666132666130316336376538333835
31316137643837313434376266333335346335323631316662656135623764363064353765646465
31646333633536363961616535386136636431373731383237636531663965343439363337343136
66663135356134383939313761393962353061323166646535383230663436366163333739313164
34336466323832653236663936326566353238383433316336383136633634333831363932363032
63303238373238376635643734616638323634653664326537393231626164363730336163326432
39623664383437313931333630356464656433363738653465333533376638373364383130326166
62643065366630303631623361666231653761373133623636373235636637653732383733643064
35356431633431653364633631323936623664386130646234663431666137303366373463396361
64363763393131366465346637366365333734643262636338626539636461366338386637323863
62366166383031306465323065656134326333643432326337383137343962363065363337666535
64643639303035633839373635313664346335663939323937313361376137393234323331366561
35306562376633633031643637383231663932623231323636356166333035633436653833313931
64366366326163343164633661643866313961656163303436326639633662643535336462323164
31333231363766376433613963363638326564393035636639616332393232616133376230353364
65323735333932653436616537616337626233353764343238396138643664663463326537373834
32373238613936303338313866333634343464623864343533643637633631336533656262316561
30663565653730643239396432663266343865643537386462313264353331366432343536393535
35643530633730643161366466386234383062386236366534343232643130346436316435643066
38633862363933346538653933313264613430613933663661366564313966366165373832363634
62303736663561373831623937623466363137363666373462336538363638346233663137643763
32646430643130393134663063363466303735626635336330393833636333346335663334643834
34323230333432333335623264613338366662303133613763613362633639656639316562613964
34366234646131333839373333613333346535373933316237323031326263336134343762333135
33333238373639356334323938326631323935393438356135326233343437623763346564363364
66303630636662316531373932643966353064343339363566316636613835353134623061363537
35326463333433616332613062366238663336303535363961386236303436303165393736643366
3964373366313265663263666332646135343565386163343332
